0	0	0.30103	0.30103	0.30103	0.30103	0	0	0.30103	0	0	0	0	0.30103	0.30103	0	0	0	0	0	0	0
0.301029996	0	0.30103	0.30103	0.30103	0.30103	0	0	0.30103	0	0	0	0	0.30103	0.30103	0	0	0	0	0	0	0
0.477121255	1.2787536	1.5797836	1.6334685	1.6334685	1.5797836	1.2787536	1.3802112	1.6334685	1.3802112	1.3802112	1.3802112	1.2304489	1.5563025	1.5314789	1.2787536	1.2552725	1.2787536	1.2787536	1.2552725	1.2304489	1.2787536
0.602059991	1.4313638	1.7323938	1.7993405	1.7993405	1.7323938	1.4313638	1.544068	1.7923917	1.5563025	1.544068	1.5563025	1.3617278	1.69897	1.6720979	1.4149733	1.4149733	1.4313638	1.4313638	1.3802112	1.3617278	1.4313638
0.698970004	1.8633229	2.1789769	2.2405492	2.2380461	2.1673173	1.8692317	1.9637878	2.1986571	2.0128372	1.9684829	2.0334238	1.7781513	2.1003705	2.0681859	1.8388491	1.8388491	1.8692317	1.8750613	1.8864907	1.7923917	1.8573325
0.77815125	1.9138139	2.2278867	2.2878017	2.2810334	2.2227165	1.9242793	2.0170333	2.243038	2.0681859	2.0211893	2.0934217	1.8388491	2.1522883	2.1238516	1.8920946	1.8920946	1.9138139	1.9242793	1.9542425	1.845098	1.90309
0.84509804	2.1271048	2.4487063	2.5118834	2.5037907	2.4456042	2.1398791	2.252853	2.469822	2.3096302	2.243038	2.346353	2.0899051	2.3783979	2.3521825	2.1172713	2.1398791	2.1303338	2.1430148	2.2355284	2.0863598	2.1271048
0.903089987	2.2380461	2.5599066	2.6253125	2.6180481	2.5587086	2.25042	2.3710679	2.5797836	2.4281348	2.363612	2.4653829	2.2068259	2.4828736	2.4548449	2.2227165	2.25042	2.2329961	2.252853	2.372912	2.1958997	2.243038
0.954242509	2.3692159	2.6803355	2.7581546	2.7520484	2.7024305	2.363612	2.50515	2.7193313	2.5634811	2.4955443	2.5976952	2.3673559	2.6253125	2.6106602	2.365488	2.3961993	2.3692159	2.3873898	2.5145478	2.3324385	2.3802112
1	2.4345689	2.7505084	2.8299467	2.8267225	2.7795965	2.4281348	2.580925	2.7909885	2.6414741	2.5705429	2.6757783	2.4517864	2.6928469	2.6848454	2.4440448	2.4653829	2.4361626	2.4548449	2.5865873	2.4065402	2.4487063
1.041392685	2.5587086	2.8656961	2.9585639	2.9547248	2.9127533	2.5403295	2.7024305	2.9211661	2.7604225	2.7007037	2.7979596	2.6095944	2.8318698	2.8369567	2.5932861	2.6095944	2.5634811	2.5774918	2.7084209	2.5352941	2.5843312
1.079181246	2.6138418	2.9211661	3.0182843	3.0119931	2.974972	2.5854607	2.7604225	2.9795484	2.820858	2.7596678	2.8530895	2.6730209	2.8893017	2.9036325	2.6522463	2.6683859	2.622214	2.6344773	2.7656686	2.5899496	2.6444386
1.113943352	2.6937269	2.988559	3.0962146	3.080987	3.058426	2.6394865	2.8273693	3.0546131	2.8893017	2.8325089	2.9324738	2.7520484	2.9618955	2.9872192	2.7307823	2.7450748	2.7032914	2.7075702	2.8356906	2.6551384	2.7275413
1.146128036	2.7267272	3.0220157	3.1341771	3.1159432	3.095518	2.6766936	2.860338	3.0909631	2.9268567	2.8692317	2.9717396	2.7860412	2.9921115	3.0228406	2.7701153	2.7774268	2.7419391	2.7419391	2.8704039	2.6946052	2.7664128
1.176091259	2.7993405	3.0827854	3.2057455	3.1775365	3.1640553	2.7299743	2.919601	3.154424	2.9943172	2.9319661	3.0429691	2.8585372	3.0549959	3.0930713	2.8555192	2.854913	2.8215135	2.8195439	2.9415114	2.770852	2.8426092
1.204119983	2.8356906	3.1169396	3.2479733	3.2135178	3.2003032	2.7641761	2.952308	3.1900514	3.0354297	2.9652017	3.079543	2.8998205	3.0906107	3.1312978	2.8998205	2.8948697	2.8668778	2.8627275	2.9849771	2.8215135	2.8864907
1.230448921	2.877947	3.1538149	3.2922561	3.2518815	3.2422929	2.8034571	2.9986952	3.2375437	3.0845763	3.0141003	3.1271048	2.9459607	3.1316187	3.1746412	2.9604708	2.9561684	2.9294189	2.9132839	3.0358298	2.8876173	2.9420081
1.255272505	2.9074114	3.1812718	3.3244882	3.2814879	3.2720738	2.8312297	3.0314085	3.2746196	3.1238516	3.0496056	3.1622656	2.9876663	3.166134	3.209783	3.0038912	3.0017337	2.9717396	2.9576073	3.0751819	2.9334873	2.9831751
1.278753601	2.9532763	3.2208922	3.3690302	3.3224261	3.314078	2.8756399	3.0870712	3.3293979	3.1801259	3.1061909	3.2132521	3.0445398	3.2174839	3.2624511	3.0696681	3.0685569	3.0398106	3.0178677	3.1332195	2.9978231	3.0437551
1.301029996	2.97635	3.2405492	3.3907585	3.3418301	3.3348557	2.9014583	3.1172713	3.3596458	3.210586	3.1364034	3.2397998	3.0733517	3.2427898	3.2889196	3.1038037	3.1038037	3.0726175	3.0480532	3.1619666	3.0289777	3.071882
1.322219295	3.0149403	3.2736956	3.4243916	3.3736475	3.3671695	2.9375179	3.1625644	3.4014005	3.2552725	3.1844075	3.278525	3.1258065	3.2922561	3.3348557	3.1574568	3.158664	3.1222159	3.0941216	3.206286	3.0806265	3.121888
1.342422681	3.0354297	3.2929203	3.442323	3.391288	3.3841741	2.9595184	3.1908917	3.4282968	3.2848817	3.2132521	3.3008128	3.1565492	3.3209767	3.3621053	3.1906118	3.1947918	3.155336	3.1290451	3.2370408	3.1102529	3.1571544
1.361727836	3.0689276	3.3199384	3.4695275	3.4173056	3.4116197	2.9907827	3.2276296	3.4626974	3.3224261	3.2523675	3.3334473	3.1994809	3.3628593	3.3995007	3.2390491	3.2452658	3.2024883	3.1749316	3.27738	3.1541195	3.2049335
1.380211242	3.0884905	3.3374593	3.486147	3.4320067	3.4258601	3.0124154	3.2538224	3.4851533	3.3484996	3.2801229	3.3537239	3.2271151	3.3875678	3.4219328	3.2688119	3.2787536	3.2347703	3.2046625	3.3029799	3.1835545	3.2372923
1.397940009	3.1205739	3.3641756	3.5122841	3.456973	3.4510185	3.0390173	3.2882492	3.5164031	3.3832767	3.3176455	3.3823773	3.2664669	3.4250449	3.4551495	3.3104809	3.3186893	3.276002	3.2432861	3.3358589	3.224274	3.2839793
1.414973348	3.1401937	3.3827373	3.5285311	3.4720247	3.4656802	3.0530784	3.3117539	3.5365584	3.4051755	3.3412366	3.3986343	3.2915908	3.4470029	3.4749443	3.3362596	3.3467441	3.3025474	3.2695129	3.3583156	3.2518815	3.3142887
1.431363764	3.1679078	3.4073909	3.5516939	3.4955443	3.4888326	3.0777312	3.3436055	3.564074	3.4374334	3.377124	3.4242281	3.3257209	3.478855	3.5029731	3.3738311	3.3818368	3.3374593	3.2999429	3.3838154	3.2855573	3.3494718
1.447158031	3.1835545	3.4243916	3.5656117	3.5102768	3.5018805	3.0937718	3.3651134	3.5829719	3.4605972	3.4017451	3.4409091	3.3498601	3.4996871	3.521661	3.3988077	3.4094259	3.3653007	3.3257209	3.4067105	3.3104809	3.3763944
1.462397998	3.2035768	3.4443571	3.584105	3.5300716	3.5200903	3.1149444	3.3900515	3.6064889	3.4874212	3.4312029	3.462398	3.3800302	3.5278876	3.5471591	3.4315246	3.4409091	3.3977663	3.3558345	3.4321673	3.3408405	3.4079005
1.477121255	3.2137833	3.4571246	3.593729	3.5402043	3.5294304	3.1277525	3.4077307	3.6225249	3.5067755	3.4496327	3.4745076	3.3986343	3.544068	3.5621739	3.4522466	3.4629966	3.4206158	3.3769418	3.450557	3.361161	3.4294293
1.491361694	3.2314696	3.4749443	3.6098078	3.5577477	3.5462958	3.1504494	3.4307199	3.64365	3.5324996	3.4752352	3.4934581	3.4266739	3.5698419	3.5851222	3.4812993	3.4912216	3.4480877	3.4022614	3.4714384	3.3841741	3.4556061
1.505149978	3.2420442	3.4910814	3.6215917	3.5704262	3.557868	3.1676127	3.4549972	3.6661434	3.5573869	3.4989994	3.507316	3.4523998	3.5909532	3.6051973	3.5059635	3.5202214	3.4742163	3.4294293	3.4954056	3.4079005	3.4825878
